31260542446277011208570001606838701412313990
35260542446277000273570001582451301562483230
35260542446277012360570000787399271688781989
31260542446277011208570001609853761972633942
31260542446277011208570001610873551385481726
42260542446277009300570000121688481399417640
31260542446277011208570001608797921548927419
31260542446277011208570001609871331697278386
35260542446277001830570001284416541533953928
35260542446277021009570000119076711538775240
35260542446277021009570000119185031543799448
31260542446277006476570000198949591294883559
35260542446277001830570001274809641878423690
31260542446277011208570001610587491748229194
31260542446277020975570000124763611368985938
35260542446277024610570000088526871399381185
35260542446277024610570000088438641837729346
31260542446277006476570000198648131853128417
35260542446277000273570001581861971354754418
35260542446277012875570000666158771457986925
35260542446277012360570000785758631972551242
31260542446277006476570000198766461412266560
35260542446277012360570000785523891646429853
35260542446277012360570000790340301415812330
31260542446277011208570001610425521217767261
31260542446277020975570000124871351597492325
35260542446277005070570000830205621389343982
35260542446277024610570000088276181996475915
31260542446277011208570001610140501953872672
35260542446277012360570000777699081182113687
31260542446277020975570000124732971769497733
35260542446277000273570001583057201767115326
35260542446277001830570001294805171543364480
32260542446277022323570000200573921863183432
35260542446277024610570000088592671369641577
35260542446277000273570001583167191555168318
35260542446277012875570000666591651488465912
31260542446277018725570000267271121721671130
31260542446277011208570001611422251347294451
35260542446277021009570000119181221648643840
35260542446277005070570000826705231284919846
31260542446277010589570000075709761471978372
35260542446277005070570000830815531162888760
31260542446277011208570001609936921847569643
31260542446277011208570001610532721333694695
35260542446277012875570000667323731461445658
31260542446277009904570000237617441749753382
31260542446277011208570001610861671359517315
31260542446277010589570000075683311443877115
35260542446277005070570000831560391222159911
35260542446277005070570000838475151452681380
35260542446277021009570000119167721369962961
35260542446277012360570000787184801332957588
31260542446277020975570000124884431187275963
35260542446277021009570000119506641881367767
31260542446277021947570000053964521979157173
31260542446277011208570001608295641681974160
31260542446277011208570001608876531459993395
31260542446277011208570001610108201582967855
35260542446277012875570000669600991579589880
35260542446277021009570000119178551593855340
31260542446277010589570000075661501215925374
32260542446277022323570000198498231377521390
35260542446277005070570000838813451682433899
31260542446277020975570000124968791868355835
35260542446277012360570000781687251175822326
31260542446277020975570000125124231279316892
35260542446277000273570001583041261251411653
35260542446277021009570000119143851716687723
35260542446277021009570000119172791936542350
35260542446277021009570000119195491441592740
31260542446277018725570000267352151941925974
35260542446277021009570000119187151424424841
35260542446277021009570000119354071489449747
35260542446277001407570007249634851355237882
35260542446277012875570000668162641624628739
42260542446277009300570000121120441388568776
41260542446277008258570000205054551918221145
31260542446277011208570001609698561625248116
35260542446277000435570001009559271949853779
35260542446277012360570000784642921822351874
35260542446277005070570000838500151573115364
31260542446277006476570000198813401699431597
35260542446277021009570000119564381632581192
31260542446277011208570001610018901142663950
35260542446277001830570001271562971414184353
35260542446277021009570000119653821177714992
31260542446277011208570001609936971573579791
31260542446277011208570001609943231794962940
35260542446277005070570000824486991588265920
35260542446277001830570001266828301169271110
32260542446277022323570000199031721556562234
42260542446277017834570000045272241435753289
35260542446277000273570001581621611446263277
35260542446277012360570000784291481867142365
31260542446277011208570001609611151662425126
35260542446277012360570000783905911323444523
35260542446277000273570001581572011577589946
31260542446277009904570000237888741174491585
35260542446277001830570001304252281612638491
35260542446277021009570000119196641859293639
31260542446277009904570000237626761229864310
35260542446277021009570000119073621414577327
31260542446277010589570000075656261975979713
31260542446277011208570001609846291992144876
35260542446277012360570000783907741593873249
31260542446277010589570000075706271475357290
31260542446277011208570001609278421815423262
35260542446277012360570000784800481227868963
31260542446277011208570001611514851285667479
35260542446277012360570000790466931198727360
35260542446277021009570000119293691443665325
31260542446277021947570000053818491681652326
35260542446277012875570000667191741464214941
35260542446277021009570000119112351983889238
33260542446277000354570001435904071711219612
31260542446277011208570001610421691791362711
35260542446277012875570000666177671798755823
35260542446277021009570000119195381469138897
35260542446277021009570000118769631852193935
31260542446277009904570000237887751419175356
35260542446277012360570000783689741173723372
35260542446277012360570000783867451923888157
35260542446277021009570000119413631137897246
31260542446277006476570000199177301284699532
35260542446277021009570000119722311765525576
35260542446277012360570000787291411435543534
35260542446277001407570007272232631358647996
31260542446277011208570001611446191312681975
31260542446277009904570000237972811275698895
31260542446277009904570000237353871317837918
31260542446277011208570001609280251639298820
31260542446277020975570000125000921666394490
31260542446277011208570001605451221694581225
35260542446277001830570001280806161424784589
31260542446277011208570001609873651526793710
35260542446277001830570001281463081296532563
35260542446277024610570000087687271365967670
42260542446277017834570000045640831688472955
42260542446277017834570000045647051237552948
31260542446277006476570000198428781726881980
35260542446277001407570007302272351323296851
35260542446277001830570001281530801488397270
31260542446277020975570000125128631887162350
31260542446277009904570000237798081773442765
31260542446277011208570001608961831947741396
31260542446277011208570001609560551617331311
35260542446277021009570000119142871883171548
42260542446277017834570000045411301422216559
35260542446277021009570000119622431651842340
31260542446277018725570000267017531971265483
31260542446277009904570000238074691659136156
35260542446277012875570000666691971147611380
31260542446277011208570001607701271912259974
31260542446277011208570001609022371277181480
35260542446277012875570000669524501841874538
31260542446277011208570001609680161274581370
35260542446277012360570000783864861862978832
35260542446277012360570000787013311981969794
42260542446277017834570000045477631248336567
35260542446277001830570001302932681861939831
31260542446277011208570001609820421399319867
31260542446277011208570001609638591662361677
31260542446277011208570001611222791791776386
35260542446277000273570001579943381752469394
31260542446277009904570000237856791437482990
31260542446277020975570000124890981842641433
35260542446277001830570001275870081511477470
31260542446277011208570001611198241537332938
35260542446277021009570000119390981368922299
31260542446277010589570000075697421244149764
31260542446277011208570001611376471932514573
35260542446277021009570000118990121941985830
42260542446277011984570000151442811884235659
35260542446277012360570000783722591799589641
35260542446277012360570000782683871247225217
42260542446277017834570000045213351813527145
31260542446277006476570000199307371482123455
31260542446277009904570000237942961793941230
35260542446277000273570001582955431222296717
31260542446277020975570000124831721842536666
31260542446277011208570001609942671144491373
31260542446277009904570000237552071779999138
35260542446277021009570000119328371892382245
31260542446277011208570001609853031541892527
42260542446277017834570000043998331331529219
35260542446277001830570001276510601655173945
35260542446277005070570000832112591629266558
35260542446277001830570001299863821389876675
35260542446277012360570000784471241913232593
35260542446277012360570000784550711561499679
35260542446277021009570000119260221657679916
31260542446277010589570000075681691294969842
31260542446277009904570000238012691313464432
35260542446277021009570000118992811557286384
35260542446277021009570000119656081451469782
31260542446277006476570000199091081536144876
35260542446277021009570000119340611557673129
31260542446277006476570000198109711761396175
31260542446277021947570000053837031937735530
35260542446277005070570000838478441515733720
31260542446277011208570001609860101289814396
31260542446277006476570000198842841758119810
35260542446277000273570001583068761559511880
35260542446277012360570000785387101881745338
35260542446277021009570000118989951949358424
35260542446277000273570001583941231298532342
35260542446277005070570000831520751898722586
31260542446277009904570000238007981151948760
31260542446277009904570000237453951394936289
35260542446277012360570000785697471891857916
31260542446277018725570000267324151771686556
31260542446277006476570000198723321955549449
31260542446277009904570000237637381737919746
31260542446277020975570000125147961451457179
31260542446277011208570001609996991543274412
31260542446277021947570000053913431527939516
31260542446277011208570001610947521291675373
42260542446277009300570000121563571562785282
35260542446277024610570000087833501655476417
35260542446277021009570000119493071323249671
35260542446277021009570000119300351881336517
35260542446277021009570000119392241418259862
35260542446277001830570001264180071942179425
35260542446277001407570007242454041853969359
31260542446277021947570000053798771728822190
31260542446277009904570000237903161274858436
31260542446277006476570000199304991387644199
35260542446277001830570001285943031497757523
35260542446277012360570000781241111743572146
35260542446277012360570000783800631797972142
35260542446277012360570000784650021998659355
35260542446277000273570001581861661358118684
31260542446277006476570000199230661679535559
35260542446277021009570000119133431183629483
35260542446277005070570000832112521842936564
35260542446277021009570000119272501946594774
31260542446277011208570001607521071819912794
31260542446277009904570000237486091192762435
31260542446277020975570000125008451955868630
31260542446277006476570000198198961715378830
35260542446277021009570000119250751239243992
31260542446277009904570000237805591452517774
31260542446277006476570000198883841334271669
35260542446277000273570001583445111333175760
35260542446277021009570000119271161816915620
35260542446277021009570000119353151926247247
35260542446277021009570000119496671993737310
41260542446277008258570000205319321568383449
31260542446277011208570001609275641893634587
35260542446277024610570000088654331688555919
31260542446277009904570000237994921244898926
35260542446277012360570000782310721711588490
35260542446277012360570000784669971366743128
31260542446277020975570000125103861841953964
35260542446277001830570001259637541323389910
35260542446277012360570000784570261954637884
35260542446277012875570000667114771287398699
35260542446277021009570000119358941688432329
42260542446277011984570000149745531743373497
35260542446277021009570000119274751793518481
35260542446277012360570000783000501726671916
31260542446277026078570000000521231344661472
35260542446277012360570000784568301532735314
35260542446277012360570000784893521956917775
31260542446277009904570000237725231891151572
35260542446277012360570000782578471323916592
31260542446277006476570000198361621521613831
35260542446277012360570000787409511486459596
35260542446277012360570000784486641998348467
35260542446277012360570000784948691115656366
35260542446277021009570000118893981912687971
35260542446277012360570000784815121393759213
35260542446277012360570000784301991996663550
35260542446277021009570000119743151575529237
35260542446277021009570000119732501774596618
31260542446277006476570000198792601746491457
31260542446277020975570000125132261816963897
31260542446277009904570000236986911962578384
31260542446277009904570000237778071181218375
31260542446277011208570001604217691155721560
31260542446277011208570001608496061714439925
35260542446277000273570001577893481974366141
31260542446277011208570001610376111759486113
31260542446277011208570001610494851466593175
35260542446277001830570001278675021372795147
35260542446277012875570000668787981285796266
31260542446277006476570000198466801338673161
31260542446277021947570000053963761239777972
35260542446277024610570000088283241748322553
35260542446277001407570007302701721857241514
31260542446277009904570000237900111334944950
35260542446277024610570000088081381951887818
35260542446277012360570000782323941494392337
35260542446277021009570000118898241949612979
35260542446277012875570000666800621679947655
31260542446277018725570000267709961772931717
31260542446277009904570000237501021488926253
33260542446277000354570001433881991512599426
31260542446277020975570000125021811476788715
31260542446277011208570001608207351746978758
42260542446277017834570000045267961292949365
35260542446277000273570001582262151839891787
31260542446277011208570001606711761883362888
31260542446277011208570001610989101748187930
31260542446277009904570000237745381774815832
35260542446277001407570007294682911911144680
35260542446277001830570001266215631174368818
35260542446277012360570000783874881459985388
35260542446277021009570000118877681113396473
31260542446277026078570000000516521888278490
31260542446277009904570000237871981697697510
35260542446277000273570001582045331282763830
35260542446277001830570001297050081734959611
35260542446277021009570000119079661497974398
35260542446277005070570000836964541487271627
35260542446277021009570000119077251992367316
35260542446277024610570000088295261262142851
35260542446277012360570000784165561677386634
31260542446277006476570000199034291844776163
31260542446277009904570000237809021315255335
35260542446277021009570000119007981842392654
31260542446277021947570000053893601113749970
35260542446277021009570000119691231752653890
31260542446277020975570000125142031887134451
42260542446277017834570000045723511951913748
31260542446277011208570001606843701169672389
31260542446277011208570001610930951519392174
35260542446277000273570001583063851924257979
35260542446277001830570001253688321232344994
31260542446277011208570001611133431933133858
35260542446277012360570000785005121775428460
35260542446277012875570000669408661871184717
35260542446277005070570000831213681564868988
35260542446277012360570000783740371978787430
33260542446277000354570001433917821479266483
35260542446277012360570000784842441862982867
35260542446277012360570000786863961893134597
35260542446277001407570007278115721763643339
31260542446277011208570001609832971912285722
35260542446277021009570000119085471175856955
31260542446277006476570000199166651211276769
31260542446277020975570000125107761912714989
32260542446277022323570000197082951361588290
31260542446277010589570000075670711421696490
31260542446277011208570001608767371339874791
35260542446277001830570001289413021695488326
35260542446277012875570000667528381774431830
35260542446277012875570000666985521613587295
31260542446277011208570001610186321113129225
31260542446277011208570001610092941649664660
42260542446277017834570000045537301689666423
35260542446277000273570001582538031312677660
31260542446277018725570000267650981487635719
32260542446277022323570000197306931258175436
35260542446277024610570000088784161322434626
35260542446277021009570000119202051526622727
35260542446277005070570000832878181196762697
31260542446277010589570000075655031569997570
42260542446277017834570000045180861889981760
35260542446277001830570001285546261263987855
31260542446277020975570000125153561815613730
35260542446277021009570000118873591354366911
35260542446277000273570001582302361762852649
42260542446277017834570000045224841599163820
35260542446277012360570000783471461223689520
35260542446277000273570001581982471993388548
35260542446277000273570001582683241356578640
31260542446277009904570000237480321122333921
35260542446277012360570000784876291916977253
31260542446277011208570001606796981945526790
31260542446277011208570001610417171619133426
35260542446277000273570001583331211895224949
35260542446277021009570000119225381365149797
42260542446277009300570000121677111364171661
35260542446277012360570000783266681462738762
31260542446277006476570000198760861431421241
35260542446277012360570000789726891669611334
35260542446277021009570000119175961145655491
35260542446277012360570000782707331287418588
31260542446277009904570000237577121617715246
35260542446277021009570000119465351332725849
35260542446277024610570000088449801947114510
42260542446277009300570000121647501857134113
42260542446277017834570000045529651881814526
42260542446277017834570000045653721785563347
31260542446277009904570000237687851393191847
35260542446277000273570001582592181414576372
35260542446277012875570000666277661836319653
35260542446277001407570007303201141695654976
31260542446277011208570001609708781568945895
31260542446277011208570001611340051252495796
35260542446277001407570007280615961516239280
35260542446277001407570007299800911926291814
35260542446277001830570001265377111771463961
35260542446277012360570000787137911963336583
42260542446277017834570000045525151298472823
35260542446277021009570000119698631836558298
35260542446277021009570000119324651494543659
32260542446277022323570000200456611945187480
35260542446277012360570000784925531633472267
35260542446277012360570000787904941437484564
42260542446277009300570000121430921934285613
31260542446277011208570001609288671747453185
35260542446277001830570001305691991956769572
31260542446277011208570001610982541239824652
35260542446277000273570001582396461322962690
35260542446277021009570000119249301281333786
35260542446277021009570000118257471815799534
35260542446277021009570000118503461518687633
35260542446277021009570000119274901132514457
42260542446277017834570000045521751847144540
31260542446277009904570000237707241876725821
31260542446277011208570001608873131448591655
31260542446277021947570000053771941563597890
35260542446277012875570000669494651547755374
31260542446277011208570001611028731178819647
35260542446277021009570000119103031596725824
31260542446277011208570001606141071267347725
32260542446277022323570000199208061685881820
41260542446277008258570000205556441999168423
31260542446277011208570001606304971729316666
35260542446277012875570000668791791982526747
31260542446277020975570000125055541142367310
31260542446277006476570000198827811785395870
35260542446277012360570000786465001566147462
35260542446277012360570000787402431789989982
31260542446277006476570000199048011269261935
35260542446277012360570000782963821431657430
35260542446277021009570000119365251178212646
35260542446277012360570000788269391341947350
32260542446277022323570000198572901718483749
35260542446277021009570000119070901147523393
35260542446277021009570000119303881655766182
31260542446277010589570000075635241788584140
31260542446277011208570001610540181193113864
35260542446277001830570001249113821239234620
31260542446277011208570001610070271511968188
31260542446277011208570001609567261774173728
31260542446277011208570001611157931683666814
31260542446277011208570001608930381372913191
35260542446277012360570000784798561762234250
35260542446277012360570000787331981472397472
31260542446277009904570000237682461575142684
35260542446277012360570000789775541777447231
31260542446277011208570001610235591753954731
31260542446277006476570000199017641255753386
35260542446277001407570007301241231918221731
35260542446277021009570000119454961866676748
35260542446277000273570001581852871267826229
35260542446277021009570000119338991989897980
31260542446277020975570000125045841224329689
31260542446277011208570001609706901919611270
31260542446277020975570000124892661817831620
31260542446277018725570000267634261375312261
35260542446277000273570001583346181991661269
42260542446277009300570000121568271952964821
35260542446277000273570001583453181143198519
32260542446277022323570000199124881737536915
35260542446277012360570000787993221286467158
31260542446277011208570001610994871184132742
31260542446277011208570001609847691281296430
42260542446277017834570000045203701347261941
35260542446277024610570000087842261163937589
32260542446277022323570000198897891159398695
31260542446277020975570000125141891455884996
31260542446277010589570000075695701111131779
35260542446277012875570000666829501872518814
31260542446277009904570000237931431297788698
31260542446277011208570001609797511967764292
35260542446277000273570001583666711447437470
35260542446277021009570000119307611143747497
35260542446277021009570000119645901737943159
35260542446277001407570007281165341478719289
35260542446277012875570000666555501896141223
31260542446277011208570001609275001875848417
31260542446277020975570000125062651743576765
41260542446277020541570000155341061428697655
35260542446277021009570000119349741447749586
35260542446277000273570001583327201191499119
31260542446277011208570001609783131358277190
35260542446277021009570000119591571762438465
35260542446277012360570000784995971435798898
31260542446277021947570000053773661564628124
31260542446277018725570000267635751923991843
35260542446277012875570000665766311284754240
35260542446277000273570001580319161194151747
31260542446277009904570000237536051636393633
41260542446277008258570000205086511572727319
31260542446277011208570001610416571248599171
35260542446277012360570000785191221292944854
35260542446277012875570000666336381269647972
31260542446277006476570000198633211494244473
31260542446277010589570000075642121327139910
35260542446277021009570000119259671254498391
35260542446277001407570007298921771655572827
42260542446277009300570000122329081724876623
35260542446277000273570001582452081477445595
31260542446277006476570000199218851374987987
31260542446277011208570001609996711538735392
35260542446277000273570001583717401746332212
35260542446277012360570000789705611913119396
35260542446277012360570000785492601377886953
42260542446277017834570000045343951369234263
31260542446277009904570000237856681493953428
31260542446277011208570001608206351366655650
35260542446277000273570001583915101193558481
32260542446277022323570000199442391779559241
35260542446277012360570000783996151598159638
31260542446277018725570000267400491354932327
31260542446277009904570000238255311336869263
35260542446277005070570000822582271569698210
31260542446277009904570000237606771422575551
31260542446277009904570000237385271999376267
35260542446277000273570001580701821331227431
31260542446277011208570001607686811145726547
31260542446277011208570001606413011326233799
35260542446277021009570000119498681236174153
31260542446277011208570001610454361893766756
31260542446277018725570000266760301618512487
31260542446277011208570001609711181881597130
31260542446277009904570000237528841572378728
31260542446277011208570001609349201872926896
35260542446277012360570000787140221917532293
31260542446277011208570001610045251858982599
31260542446277020975570000124947611675411882
35260542446277001830570001284840711357396142
42260542446277009300570000121660131422773691
42260542446277011984570000151510641442937478
35260542446277012360570000786789111931132151
35260542446277021009570000119306771454433189
31260542446277011208570001606351101127696619
35260542446277024610570000088474271241829394
31260542446277018725570000267179381129312216
32260542446277022323570000200381711736318491
31260542446277018725570000267345251211791444
31260542446277011208570001610260021638544872
31260542446277011208570001608941151835573182
42260542446277011984570000150434771778574594
42260542446277017834570000045614571915737413
35260542446277012360570000784769661221927829
31260542446277006476570000199114581485881726
35260542446277021009570000119366431514592228
35260542446277005070570000824946621369969795
35260542446277012360570000785642931836978670
35260542446277024610570000087611801519996996
35260542446277000273570001581246671992441918
35260542446277005070570000829138651782994854
35260542446277001830570001273353891176475728
35260542446277021009570000118374291746447610
35260542446277000273570001583734901781972170
31260542446277011208570001609910101326183715
42260542446277017834570000045297201432535539
31260542446277011208570001609624071647694250
31260542446277010589570000075700191714346885
31260542446277011208570001610111191349963953
31260542446277011208570001606765721153781389
32260542446277022323570000198422171912226695
32260542446277022323570000198892271723727150
31260542446277009904570000238129581749881319
35260542446277021009570000119085891971487399
35260542446277021009570000119157601871667363
35260542446277021009570000119333251585124113
31260542446277018725570000266560341883661551
31260542446277011208570001609180561945337881
35260542446277021009570000119295291425658792
35260542446277024610570000087867881892523438
35260542446277001407570007278471521437255724
31260542446277010589570000075706441513967667
35260542446277001830570001274594671481534240
31260542446277020975570000125055671123326467
42260542446277017834570000045541911462698395
35260542446277021009570000119534611849775376
31260542446277006476570000198652661111873397
31260542446277006476570000198724231884365371
35260542446277005070570000829449351425219169
35260542446277012360570000783329361262168987
42260542446277009300570000121665961414631697
41260542446277020541570000155667461568676616
31260542446277011208570001609149051694139350
42260542446277017834570000045229061244881875
35260542446277001407570007275315631552913387
35260542446277000273570001583522361676825875
35260542446277012360570000783157871654338528
42260542446277009300570000121133981726698586
35260542446277005070570000827089651745361370
31260542446277011208570001608413631761253143
31260542446277009904570000237574831648412720
35260542446277000273570001583077801719351454
31260542446277009904570000237932391485172871
31260542446277009904570000237361091863725775
35260542446277012360570000787332481111858729
31260542446277009904570000238083131268893750
31260542446277021947570000053798751296899425
35260542446277021009570000119077231134282479
35260542446277000273570001582147131262259845
31260542446277011208570001611279341594157526
35260542446277001407570007240693441815178366
31260542446277011208570001609780531852272194
31260542446277011208570001610075241749453591
35260542446277012875570000666339691441529157
41260542446277008258570000205590711651832231
35260542446277024610570000088806981178349446
35260542446277001830570001255086831474164663
42260542446277009300570000121632901722578521
35260542446277005070570000832122841421335775
35260542446277021009570000119294351899871650
41260542446277020541570000155289151753374840
35260542446277000273570001582961061217178867
35260542446277024610570000088238951716866759
31260542446277009904570000237798601156496398
42260542446277011984570000151237041499439823
42260542446277017834570000045551761547337131
35260542446277012360570000790194791666513846
35260542446277012360570000786773241331618518
31260542446277009904570000237110601316656370
31260542446277006476570000199041791691413922
35260542446277000273570001579882901194869780
35260542446277012360570000784381871825552562
35260542446277001407570007304647491824149486
35260542446277001407570007295548711948554165
35260542446277021009570000119292691947469923
31260542446277011208570001609822751676652710
31260542446277011208570001610544131297531277
35260542446277012360570000783589321989211369
31260542446277011208570001610691951931111316
35260542446277012875570000666304811311461254
31260542446277011208570001611386421945767856
35260542446277012360570000785009141818577574
35260542446277012360570000786910271489918287
35260542446277012360570000785795061188279610
31260542446277011208570001607795661122679883
35260542446277000273570001581962861963385256
31260542446277006476570000198761251713432810
35260542446277012360570000785725951793291223
35260542446277012360570000788394041245912716
31260542446277011208570001606601351437972123
31260542446277011208570001607525781337323953
35260542446277000273570001583645391864978366
35260542446277012360570000783576411115851643
35260542446277012360570000786480081828248937
31260542446277009904570000237108691539319785
31260542446277011208570001609867471547861438
35260542446277012360570000782830361163324132
35260542446277005070570000834856041147373445
35260542446277001830570001308276201243944329
35260542446277021009570000119024431994517233
31260542446277011208570001609658901586148415
31260542446277006476570000198609701811696747
35260542446277012875570000666517641172597770
31260542446277006476570000198173351144932155
35260542446277021009570000118234261824623359
42260542446277017834570000045684511433989762
35260542446277012360570000791893881146885570
31260542446277011208570001608415691737262990
31260542446277011208570001606320611781264722
31260542446277009904570000238099481265483724
31260542446277011208570001609945521344151197
35260542446277021009570000119233681276172966
35260542446277021009570000119104241435175356
35260542446277021009570000119323701425731128
31260542446277011208570001608844771524317864
35260542446277012875570000668028761697655223
31260542446277011208570001609751661492971410
31260542446277009904570000237893771452462838
35260542446277021009570000119573991546581575
42260542446277017834570000045397481889335298
31260542446277009904570000237645561164528222
35260542446277012360570000784735551632367763
35260542446277001830570001268042761876912384
32260542446277022323570000199386261244345880
32260542446277022323570000198938651412533788
31260542446277011208570001610136651359143346
35260542446277021009570000119178501172971681
31260542446277011208570001609347081174333762
31260542446277009904570000237655761768226920
31260542446277011208570001609348571283327852
32260542446277022323570000199231001739575724
35260542446277021009570000119120301359779947
31260542446277018725570000267362681575665917
35260542446277001407570007307621651192683996
35260542446277021009570000119130641913568742
31260542446277011208570001610029391933586193
31260542446277009904570000237986461389131875
35260542446277012360570000783287381999752291
35260542446277001407570007278972221985776694
31260542446277009904570000237021341797734930
31260542446277011208570001610407821688594163
35260542446277000273570001583025471411529188
42260542446277009300570000121167351622268955
31260542446277006476570000198504541719733734
35260542446277000273570001581843891366562144
31260542446277009904570000238016591329798624
32260542446277022323570000198434581392694230
35260542446277005070570000830400901249876613
35260542446277012360570000786543131983312335
35260542446277012360570000788759381685519569
31260542446277011208570001610051051354485133
35260542446277021009570000119074301226661822
42260542446277009300570000121301531911816566
35260542446277001407570007273703901996388120
31260542446277011208570001609109641221231589
31260542446277011208570001608084511494828591
31260542446277009904570000237827851377239210
31260542446277026078570000000519241459312213
35260542446277012360570000785995421752548667
31260542446277009904570000237912991211375537
32260542446277022323570000197998001486555424
35260542446277012360570000785152961596424533
35260542446277024610570000088507591296568519
35260542446277000273570001577807391641395394
31260542446277010589570000075632561861835397
31260542446277018725570000267321211981129824
31260542446277021947570000053838451975359715
42260542446277017834570000045693661635831894
35260542446277000273570001582761741475165418
35260542446277001830570001280945831157283493
31260542446277018725570000266214031451186275
35260542446277012875570000669444321661253680
42260542446277009300570000121743891691352988
31260542446277011208570001610030891976223235
31260542446277011208570001609744801256279312
31260542446277018725570000267277091238398368
35260542446277021009570000119070101384747979
35260542446277024610570000087625801252195590
35260542446277021009570000119127181831778639
35260542446277012360570000785544461995661392
35260542446277001830570001280357201729359388
35260542446277021009570000119216581221176766
35260542446277021009570000119661181343154575
31260542446277011208570001607505971891391223
35260542446277024610570000088058441873151148
31260542446277006476570000198451081779892448
31260542446277011208570001609718731573732649
35260542446277000273570001583442341962637520
42260542446277017834570000045635151458991236
35260542446277000273570001582153351425448897
35260542446277021009570000119248841574783187
31260542446277006476570000199175111864585625
31260542446277011208570001609848161516887397
35260542446277021009570000119500511689114499
35260542446277021009570000119487981121224351
31260542446277009904570000237700161227471950
42260542446277017834570000045353401215898362
35260542446277012360570000787576281531739930
35260542446277024610570000087856021731259432
35260542446277001407570007300384311496423469
31260542446277011208570001610045231523342453
35260542446277001407570007308457751525344447
31260542446277011208570001610165911144544131
31260542446277020975570000125085501934747664
35260542446277001830570001281424441619251734
52260542446277003370570000326776581534469755
32260542446277022323570000199322421358774165
35260542446277012360570000783886001858822977
35260542446277024610570000088729791415261578
35260542446277012360570000780424381728671517
31260542446277011208570001606205161944855596
35260542446277012360570000787144241456742969
35260542446277000273570001582268781235885385
35260542446277012360570000784920041169951377
35260542446277021009570000119775911734297790
31260542446277009904570000237832241853295189
42260542446277017834570000045639731279926281
32260542446277022323570000197427611415586734
35260542446277021009570000119029241961578715
35260542446277021009570000119387381451573960
35260542446277000273570001583539201987812565
31260542446277006476570000198227071434226731
35260542446277005070570000835993231352774174
35260542446277012360570000787414021911211297
35260542446277001407570007293940821859665696
35260542446277024610570000087664021969962750
31260542446277009904570000238055231646178979
35260542446277024610570000088290261492856859
35260542446277024610570000088784621949316318
32260542446277022323570000198793411142242477
35260542446277012360570000784684711578739294
41260542446277002993570000800063041115289986
32260542446277022323570000197321781478132111
31260542446277006476570000198665411173923462
35260542446277021009570000119170821953395446
31260542446277009904570000237836201893413436
31260542446277011208570001609943111993535898
35260542446277012875570000667144991746871888
35260542446277021009570000119055061849343136
31260542446277011208570001610488781257916330
31260542446277011208570001610803621247454912
35260542446277012875570000668738791352976787
31260542446277011208570001611394821756595143
35260542446277012360570000786994041555588883
35260542446277021009570000119080661649739553
31260542446277006476570000198961511195275647
31260542446277011208570001609225411243398857
35260542446277021009570000119232901186978525
35260542446277024610570000087864041135489529
35260542446277012360570000787348671765422280
31260542446277006476570000199055221721436171
31260542446277011208570001609786871712369285
31260542446277020975570000125052291698265416
31260542446277021947570000053822651754918741
42260542446277017834570000045341591225741659
35260542446277012875570000668654691162439583
31260542446277011208570001610724271993149234
35260542446277000273570001582851401782456828
42260542446277017834570000045506081188321377
31260542446277020975570000125139471593791313
31260542446277011208570001611200021913862936
35260542446277024610570000088817551375527765
31260542446277011208570001610190871629962230
31260542446277011208570001606231471174965326
42260542446277017834570000045715331918512169
35260542446277012360570000786852151272379680
42260542446277017834570000045619031481272919
35260542446277012875570000668666991325394839
35260542446277028950570000015578821332344322
31260542446277006476570000198841781181866916
35260542446277021009570000119267591882782875
42260542446277011984570000150460981877447967
31260542446277011208570001609896361663733780
35260542446277012360570000783531261324996723
35260542446277021009570000119073001574482380
31260542446277011208570001609900761134859629
31260542446277021947570000053927061939661542
31260542446277021947570000053986171981347732
35260542446277021009570000119171141145733355
35260542446277021009570000119696691529868748
35260542446277000273570001583209721712682441
31260542446277011208570001610126311648986340
35260542446277021009570000119141291814851315
35260542446277005070570000831522231416758856
31260542446277011208570001608025651469291745
35260542446277024610570000088451491323853827
35260542446277012360570000789114851342442130
31260542446277009904570000237786811246819310
31260542446277009904570000237890811646951610
35260542446277000273570001582015791149251625
35260542446277012360570000784768901254669489
35260542446277000273570001581972511835787547
35260542446277021009570000118950901974183889
31260542446277010589570000075532551718391250
35260542446277000273570001583656261538346826
31260542446277011208570001607120501217947558
31260542446277011208570001609792211164295410
35260542446277000273570001583549411559295443
31260542446277009904570000237666451211762738
31260542446277010589570000075669401354919591
31260542446277009904570000237912941296779917
31260542446277006476570000198841361373371192
31260542446277011208570001609570481292985849
31260542446277011208570001609722801211994381
31260542446277011208570001610529801768656679
42260542446277009300570000121093771299841162
31260542446277010589570000075710411134426153
31260542446277011208570001609350991145559392
31260542446277011208570001610562181632918764
32260542446277022323570000199425131711897967
31260542446277021947570000053901201699722990
31260542446277011208570001609944841459472814
35260542446277021009570000119057961546853969
31260542446277011208570001610312081374873252
35260542446277012875570000668746841149486430
31260542446277009904570000237140111151688229
31260542446277011208570001610760711982889953
35260542446277000273570001582200291965499987
31260542446277010589570000075706721629814454
31260542446277011208570001611371241926225270
35260542446277000273570001583259761214521170
35260542446277021009570000119330681358164220
31260542446277011208570001610962571197277821
35260542446277021009570000118897971385154381
31260542446277011208570001609047241332666220
35260542446277021009570000119406911287763624
42260542446277009300570000121611111781592790
42260542446277017834570000045183061366482453
35260542446277021009570000118776781934389435
35260542446277021009570000119591561513997196
35260542446277012360570000783075901761977346
35260542446277021009570000119097461391856540
31260542446277011208570001609218791393866766
31260542446277011208570001608590561339486817
35260542446277012360570000785863821976261946
35260542446277012360570000783611241396731343
31260542446277020975570000125144681383597810
31260542446277009904570000238250521467644926
35260542446277001830570001286727051352566240
31260542446277006476570000199159221827837361
35260542446277000273570001582834691664547950
42260542446277017834570000045605791686968216
42260542446277009300570000121611191478737476
31260542446277020975570000125144151964217710
42260542446277009300570000121335901694388528
35260542446277012875570000669048131788393819
35260542446277012360570000787550521524921268
31260542446277009904570000236653271331787620
35260542446277021009570000119216911898388380
31260542446277009904570000238097441815655980
31260542446277009904570000237590011455626364
31260542446277030261570000001761791298716154
31260542446277011208570001610225251816669696
35260542446277012360570000785745961832611781
35260542446277012360570000784572361836775516
35260542446277000273570001578616781162517654
31260542446277009904570000237885571634993212
35260542446277012360570000787328121357175445
31260542446277020975570000125150831867477420
35260542446277021009570000118989321967264312
35260542446277021009570000119482481788956453
35260542446277021009570000119054851237811331
31260542446277006476570000198869121768543159
31260542446277011208570001609192611728215848
31260542446277011208570001610090351856614535
31260542446277030261570000001794341752934750
31260542446277006476570000198685441448879761
31260542446277020975570000124894531868292495
31260542446277011208570001609743381678875927
31260542446277011208570001607474461951147637
35260542446277021009570000119272691784945994
31260542446277006476570000198874841143415683
33260542446277000354570001432355731837972216
35260542446277001407570007300750561951934879
42260542446277017834570000045503981648792549
31260542446277020975570000124955501981894275
35260542446277012360570000783895911972521763
31260542446277011208570001608993851953738686
31260542446277020975570000124272171946232353
31260542446277021947570000053808821366448580